 Вариант №__

 x0= 0.900 y0= 2.600
 Alfa0= 1.000 Lambda= 0.500


 Метод Ньютона

 Матрица производных 
 1.0  ; -sin(y-1)
 sin(x);  1.0 


Itr       x           y            Норма невязки                F1                    F2
  1 | 0.8724061 | 2.6432250 ||  0.000242821886072952 |  4.07272531375291E-05 | 0.000239382036101077
  2 | 0.8722477 | 2.6431070 ||  8.08753632107374E-09 |  5.0379189708849E-10 | 8.07182987117017E-09
  3 | 0.8722476 | 2.6431070 ||  2.22044604925031E-16 |  2.22044604925031E-16 |          0
  0.872247649398421  2.64310697640309

 Метод простой итерации 
 Fi1(x,y)=0.8-cos(y-1)
 Fi2(x,y)=2+cos(x)
 Якобиан 
 0.0  ; sin(y-1)
 -sin(x);  0.0 

 значение 
  0.0000  0.9996
 -0.7833  0.0000
 Norma=0.99957
Itr       x           y            Норма невязки        Оценка погрешности  Погрешность     Норма якобиана
  1 | 0.8291995 | 2.6216100 ||  0.0580234748158088 |  57.2769932573461 | 0.0481171757817962 | 0.998709264681874
  2 | 0.8507918 | 2.6754662 ||  0.0560429617107816 |  10.5439455021028 | 0.038826234423504 | 0.994527103885879
  3 | 0.9044789 | 2.6593881 ||  0.0442853168126594 |  14.234489998486 | 0.0361099428204965 | 0.99607831549272
  4 | 0.8884759 | 2.6180953 ||  0.0430494031944143 |  39.5531621078237 | 0.0298151072937919 | 0.998881611828718
  5 | 0.8472813 | 2.6305956 ||  0.0338156751723178 |  24.0412818521879 | 0.0279258062621561 | 0.998212555593181
  6 | 0.8597636 | 2.6620232 ||  0.0327181004329958 |  8.09830689467143 | 0.0226643526817942 | 0.995841715999496
  7 | 0.8911004 | 2.6526166 ||  0.025820645263083 |  9.74728255604676 | 0.0211153313172984 | 0.996654591182331
  8 | 0.8817290 | 2.6285566 ||  0.0250751360821268 |  15.457340004487 | 0.0173669099403167 | 0.998332340156691
  9 | 0.8577281 | 2.6358176 ||  0.0197199213957974 |  11.8412254346001 | 0.0162465695459488 | 0.997886861542672
 10 | 0.8649755 | 2.6541575 ||  0.0190979050217729 |  5.65911350849969 | 0.0132287001909887 | 0.996527469657415
 11 | 0.8832647 | 2.6486588 ||  0.0150599710202648 |  6.28436084077028 | 0.0123368119362199 | 0.99697024985933
 12 | 0.8777838 | 2.6346316 ||  0.0146162233597887 |  7.37896178531853 | 0.0101233272299167 | 0.997963223328718
 13 | 0.8637919 | 2.6388577 ||  0.0115023267308394 |  6.29832327566738 | 0.00946342475328739 | 0.997684719873834
 14 | 0.8680088 | 2.6495591 ||  0.0111454217051847 |  3.69870246907726 | 0.00771997182553358 | 0.996899813524085
 15 | 0.8786814 | 2.6463472 ||  0.008784787674051 |  3.89595252810041 | 0.00720361128675614 | 0.99714739127394
 16 | 0.8754790 | 2.6381669 ||  0.00852281021133878 |  3.86365942567267 | 0.00590305855398742 | 0.997731461787423
 17 | 0.8673196 | 2.6406291 ||  0.00670963052002435 |  3.48827389020158 | 0.00551591197820566 | 0.997562680664183
 18 | 0.8697761 | 2.6468729 ||  0.00650340318608971 |  2.31301207598246 | 0.00450456976662544 | 0.997107570920591
 19 | 0.8760032 | 2.6449977 ||  0.00512454052483906 |  2.35694483951235 | 0.00420467143945529 | 0.997248341187
 20 | 0.8741333 | 2.6402265 ||  0.00497063391056701 |  2.12185249686491 | 0.00344278569643334 | 0.997590693065907
 21 | 0.8693744 | 2.6416618 ||  0.00391401894009008 |  1.97543228507671 | 0.00321619122152991 | 0.997490089585856
 22 | 0.8708062 | 2.6453046 ||  0.00379437762654983 |  1.40681996864172 | 0.00262814637084132 | 0.997225544309173
 23 | 0.8744393 | 2.6442101 ||  0.00298939919067732 |  1.40487898318536 | 0.00245364706108421 | 0.997306417703276
 24 | 0.8733479 | 2.6414271 ||  0.00289924516250767 |  1.19597582427862 | 0.00200810105760782 | 0.997506683987024
 25 | 0.8705721 | 2.6422641 ||  0.00228323891959558 |  1.13284272553461 | 0.00187565965387654 | 0.997447267744514
 26 | 0.8714069 | 2.6443892 ||  0.00221366917091244 |  0.841257070650528 | 0.00153327359852981 | 0.997293266375428
 27 | 0.8735265 | 2.6437506 ||  0.00174387166938605 |  0.829999035074726 | 0.00143163061147612 | 0.997340019973717
 28 | 0.8728895 | 2.6421272 ||  0.00169115258171384 |  0.684019070686854 | 0.0011713450932413 | 0.997457034258232
 29 | 0.8712704 | 2.6426153 ||  0.00133192979574023 |  0.654334865416797 | 0.00109399739105316 | 0.997422125746059
 30 | 0.8717573 | 2.6438551 ||  0.0012914217186993 |  0.497966663918297 | 0.000894486621027058 | 0.997332398263266
 31 | 0.8729937 | 2.6434824 ||  0.00101729188565718 |  0.487795974088258 | 0.000835244420820948 | 0.997359527704515
 32 | 0.8726221 | 2.6425355 ||  0.000986494514221608 |  0.394485622023956 | 0.000683278256991899 | 0.997427852362449
 33 | 0.8716776 | 2.6428202 ||  0.00077698371224983 |  0.379518042062499 | 0.000638127397329402 | 0.997407404066462
 34 | 0.8719616 | 2.6435434 ||  0.000753378878490635 |  0.29298962765757 | 0.000521817361132183 | 0.997355098632119
 35 | 0.8726829 | 2.6433260 ||  0.000593439881571315 |  0.285797859631056 | 0.000487275776589281 | 0.997370875511098
 36 | 0.8724661 | 2.6427736 ||  0.000575459301044817 |  0.228600709682843 | 0.000398582332789456 | 0.997410754669353
 37 | 0.8719151 | 2.6429397 ||  0.000453255151163409 |  0.220652715761868 | 0.00037223328690941 | 0.997398797414113
 38 | 0.8720808 | 2.6433616 ||  0.000439493927503963 |  0.171775623421119 | 0.000304409056538638 | 0.997368297611175
 39 | 0.8725016 | 2.6432348 ||  0.000346184702537393 |  0.167145370639891 | 0.000284265088244617 | 0.99737748436508
 40 | 0.8723751 | 2.6429125 ||  0.000335690623464434 |  0.13284047303939 | 0.000232510696512436 | 0.997400755387914
 41 | 0.8720537 | 2.6430094 ||  0.000264407454876034 |  0.128467471834826 | 0.000217136448924912 | 0.997393770330964
 42 | 0.8721503 | 2.6432555 ||  0.000256382773426219 |  0.100499957384955 | 0.000177579693783308 | 0.997375982518261
 43 | 0.8723958 | 2.6431815 ||  0.000201947738423426 |  0.0976495599736924 | 0.000165830683939586 | 0.997381335941083
 44 | 0.8723220 | 2.6429935 ||  0.000195824267073028 |  0.077318607489762 | 0.000135634574481177 | 0.997394913673812
 45 | 0.8721345 | 2.6430500 ||  0.000154242728033283 |  0.0748566588912059 | 0.000126664788923853 | 0.997390835601534
 46 | 0.8721909 | 2.6431936 ||  0.000149562517685608 |  0.0587273769244824 | 0.000103592209396388 | 0.99738046050799
 47 | 0.8723341 | 2.6431505 ||  0.000117806728236835 |  0.0570135090110686 | 9.67390838702659E-05 | 0.997383581503132
 48 | 0.8722910 | 2.6430408 ||  0.000114233998942504 |  0.0450448776475501 | 7.9122387009022E-05 | 0.997391502966108
 49 | 0.8721816 | 2.6430738 ||  8.997787410012E-05 |  0.0436388779947532 | 7.38894386177555E-05 | 0.997389122882071


 Метод градиентного спуска
 Вектор-градиент:

Itr       x           y        Alfa      Норма невязки      Погрешность         k 
  1 0.8730636 2.6461901 ||  0.25000  0.00434199433596532  0.00318929384839107  2
  2 0.8724808 2.6402295 ||  0.50000  0.00411275164727494  0.00288686030538263  1
  3 0.8719627 2.6431269 ||  0.25000  0.00036364191095099  0.000285656361983626  2
  4 0.8724193 2.6430211 ||  0.50000  0.0002613186632508  0.000191944131832215  1
  5 0.8721271 2.6432321 ||  0.50000  0.000247598742268685  0.000173793473142607  1
  6 0.8722372 2.6430933 ||  0.25000  2.18598880336347E-05  1.71729959427006E-05  2
 Общее число итераций =  9

